//////////////////////////////////////////////////////////////////////////////////
// 최종 작업자    : MuProject Team                                              //
// 최종 작업일    : 2007 / 07 / 08                                              //
// 최종 작업 내용 : 파이어스크림 요구 통솔치 하향, 딜레이 1 삭제                //
//////////////////////////////////////////////////////////////////////////////////
//Season 3 스킬 추가
//┏━━━━━━━━━━━━━━━━━━━━━━━━━━━━━━━━━━━━━━━┓
//┃ 스킬                                                                         ┃
//┗━━━━━━━━━━━━━━━━━━━━━━━━━━━━━━━━━━━━━━━┛
//속성1 [-1 (없음), 0 (얼음), 1 (독), 2 (번개), 3 (불), 4 (땅), 5 (바람), 6 (물)]
//속성2 [-1 (없음), 0 (물리), 1 (마법)]
//SkilluseType [0 (일반 스킬), 1 (직책 스킬)]
//SkillBrand [특정 스킬이 있어야만 사용이 가능]
//〓〓〓〓〓〓〓〓〓〓〓〓〓〓〓〓〓〓〓〓〓〓〓〓〓〓〓〓〓〓〓〓〓〓〓〓〓〓〓〓
// 사용 가능 캐릭터
//〓〓〓〓〓〓〓〓〓〓〓〓〓〓〓〓〓〓〓〓〓〓〓〓〓〓〓〓〓〓〓〓〓〓〓〓〓〓〓〓
//흑기사 : 1 =  흑기사 사용 가능, 2 = 블레이드나이트 사용 가능
//흑마법사 : 1 = 흑마법사 사용 가능, 2 = 소울마스터 사용 가능
//요정 : 1 = 요정 사용 가능, 2 = 뮤즈엘프 사용 가능
//마검사 : 1 = 마검사 사용 가능 / 다크로드 : 1 = 다크로드 사용 가능

//[번호] [이름] [요구레벨] [데미지(기본공격력)] [사용마나량] [어빌리티(소모AG)] [유효거리] [Delay]
//[Eng(에너지/필요마력)] [Cha(통솔)] [속성1] [속성2] [SkilluseType] [SkillBrand] [KillCout] [길마] [부길마] [배틀마스터]
//[흑마법사] [흑기사] [요정] [마검사] [다크로드]
//---------------------------------------------------------------------------------
// 흑마법사
//---------------------------------------------------------------------------------
1	"포이즌"		30	12	42	0	6	0	100	0	1	1	0	0	0	0	0	0	1	0	0	1	0
2	"운석"			21	21	12	0	6	0	100	0	4	1	0	0	0	0	0	0	1	0	0	1	0
3	"번개"			13	17	15	0	6	0	100	0	2	1	0	0	0	0	0	0	1	0	0	1	0
4	"파이어볼"		5	8	3	0	6	0	100	0	3	1	0	0	0	0	0	0	1	0	0	1	0
5	"불기둥"		35	25	50	0	6	0	100	0	3	1	0	0	0	0	0	0	1	0	0	1	0
6	"순간이동"		17	0	30	0	6	0	100	0	-1	1	0	0	0	0	0	0	1	0	0	0	0
7	"얼음"			25	10	38	0	6	0	100	0	0	1	0	0	0	0	0	0	1	0	0	1	0
8	"회오리"		40	35	60	0	6	0	100	0	5	1	0	0	0	0	0	0	1	0	0	1	0
9	"악령"			50	45	90	0	6	0	100	0	-1	1	0	0	0	0	0	0	1	0	0	1	0
10	"헬파이어"		60	120	160	0	0	0	100	0	3	1	0	0	0	0	0	0	1	0	0	1	0
11	"파워웨이브"		9	14	5	0	6	0	100	0	-1	1	0	0	0	0	0	0	1	0	0	1	0
12	"아쿠아플래쉬"		74	80	140	0	6	0	110	0	6	1	0	0	0	0	0	0	1	0	0	1	0
13	"블래스트"		80	70	150	0	3	0	150	0	2	1	0	0	0	0	0	0	1	0	0	1	0
14	"인페르노"		88	100	200	0	0	0	200	0	3	1	0	0	0	0	0	0	1	0	0	1	0
15	"텔레키네시스"		83	0	90	25	6	0	188	0	-1	1	0	0	0	0	0	0	2	0	0	0	0
16	"소울바리어"		77	0	70	22	6	0	126	0	-1	1	0	0	0	0	0	0	1	0	0	0	0
17	"에너지볼"		2	3	1	0	6	0	0	0	-1	1	0	0	0	0	0	0	1	0	0	1	0
38	"데쓰포이즌"		96	95	110	7	6	0	243	0	1	1	0	0	0	0	0	0	2	0	0	0	0
39	"서든아이스"		93	80	100	5	6	0	223	0	0	1	0	0	0	0	0	0	2	0	0	0	0
40	"헬버스트"		100	0	180	45	6	0	258	0	3	1	0	0	0	0	0	0	2	0	0	0	0
45	"표창"			0	90	150	10	6	0	0	0	-1	-1	0	75	0	0	0	0	1	0	0	0	0
//---------------------------------------------------------------------------------
// 흑기사
//---------------------------------------------------------------------------------
18	"방어"			0	0	30	0	0	0	0	0	-1	-1	0	0	0	0	0	0	0	1	0	1	1
19	"내려찍기"		0	0	9	0	3	0	0	0	-1	0	0	0	0	0	0	0	0	1	0	1	1
20	"찌르기"		0	0	9	0	2	0	0	0	-1	0	0	0	0	0	0	0	0	1	0	1	1
21	"올려치기"		0	0	8	0	2	0	0	0	-1	0	0	0	0	0	0	0	0	1	0	1	1
22	"돌려치기"		0	0	9	0	2	0	0	0	-1	0	0	0	0	0	0	0	0	1	0	1	1
23	"베기"	0		0	10	0	2	0	100	0	-1	0	0	0	0	0	0	0	0	1	0	1	1
41	"회오리베기"		0	0	10	10	2	0	0	0	5	0	0	0	0	0	0	0	0	1	0	1	0
42	"분노의 일격"		170	60	25	20	3	0	0	0	4	0	0	0	0	0	0	0	0	2	0	0	0
43	"블로우"		160	70	15	12	2	0	0	0	5	0	0	0	0	0	0	0	0	2	0	0	0
44	"반월베기"		0	90	22	15	4	0	0	0	-1	-1	0	75	0	0	0	0	0	1	0	0	0
47	"창찌르기"		28	15	8	0	3	0	0	0	-1	0	0	0	0	0	0	0	0	1	0	1	0
49	"레이드 슛"		110	30	9	0	3	0	0	0	-1	0	0	0	0	0	0	0	0	1	0	0	0
48	"스웰라이프"		120	0	22	24	0	0	0	0	-1	-1	0	0	0	0	0	0	0	1	0	0	0
//---------------------------------------------------------------------------------
// 요정
//---------------------------------------------------------------------------------
24	"다발"			0	0	5	0	6	0	0	0	-1	0	0	0	0	0	0	0	0	0	1	0	0
26	"치료"			8	0	20	0	6	0	100	0	-1	0	0	0	0	0	0	0	0	0	1	0	0
27	"방어력향상"		13	0	30	0	6	0	100	0	-1	-1	0	0	0	0	0	0	0	0	1	0	0
28	"공격력향상"		18	0	40	0	6	0	100	0	-1	-1	0	0	0	0	0	0	0	0	1	0	0
30	"고블린소환"		0	0	40	0	0	0	90	0	-1	-1	0	0	0	0	0	0	0	0	1	0	0
31	"돌괴물소환"		0	0	70	0	0	0	170	0	-1	-1	0	0	0	0	0	0	0	0	1	0	0
32	"암살자소환"		0	0	110	0	0	0	190	0	-1	-1	0	0	0	0	0	0	0	0	1	0	0
33	"설인대장소환"		0	0	160	0	0	0	230	0	-1	-1	0	0	0	0	0	0	0	0	1	0	0
34	"다크나이트소환"	0	0	200	0	0	0	250	0	-1	-1	0	0	0	0	0	0	0	0	1	0	0
35	"발리소환"		0	0	250	0	0	0	260	0	-1	-1	0	0	0	0	0	0	0	0	1	0	0
36	"솔져소환"		0	0	350	0	0	0	280	0	-1	-1	0	0	0	0	0	0	0	0	1	0	0
46	"디센트애로우"		0	120	20	15	8	0	0	0	-1	-1	0	75	0	0	0	0	0	0	1	0	0
52	"관통"			130	70	7	9	6	0	0	0	5	0	0	0	0	0	0	0	0	0	1	0	0
51	"아이스애로우"		0	105	10	12	8	0	0	0	0	0	0	0	0	0	0	0	0	0	2	0	0
//53	"__요정추가스킬"	84	0	70	40	0	0	0	0	-1	-1	0	0	0	0	0	0	0	0	2	0	0
77	"인피니티 애로우"	220	0	50	10	6	200	0	0	-1	-1	0	0	0	0	0	0	0	0	2	0	0
//---------------------------------------------------------------------------------
// 마검사
//---------------------------------------------------------------------------------
55	"블러드어택"		0	80	15	20	2	0	0	0	1	-1	0	0	0	0	0	0	0	0	0	1	0
56	"파워슬레쉬"		0	0	15	0	5	0	100	0	-1	-1	0	0	0	0	0	0	0	0	0	1	0
57	"나선베기"		0	75	20	15	5	0	0	0	-1	-1	0	75	0	0	0	0	0	0	0	1	0
73	"광살포"		0	85	130	7	6	0	0	0	-1	-1	0	75	0	0	0	0	0	0	0	1	0
//---------------------------------------------------------------------------------
// 다크로드
//---------------------------------------------------------------------------------
60	"포스"			0	10	10	0	4	0	0	0	-1	1	0	0	0	0	0	0	0	0	0	0	1
61	"파이어 버스트"		74	100	25	0	6	0	20	0	-1	1	0	0	0	0	0	0	0	0	0	0	1
62	"어스 쉐이크"		0	150	0	50	10	10000	0	0	2	0	0	0	0	0	0	0	0	0	0	0	1
63	"셔먼"			98	0	70	30	0	30000	34	400	-1	-1	0	0	0	0	0	0	0	0	0	0	1
64	"크리티컬데미지증가"	82	0	50	50	0	0	25	300	-1	-1	0	0	0	0	0	0	0	0	0	0	1
65	"일렉트릭 스파이크"	92	250	0	100	10	5000	29	340	-1	1	0	0	0	0	0	0	0	0	0	0	1
66	"포스 웨이브"		0	50	10	0	4	0	0	0	-1	1	0	0	0	0	0	0	0	0	0	0	1
74	"파이어 브래스트"	0	150	30	10	6	0	0	0	-1	-1	0	75	0	0	0	0	0	0	0	0	1
//75	"세크리파이스"		120	0	100	35	0	0	37	450	-1	-1	0	0	0	0	0	0	0	0	0	0	1
78	"파이어 스크림"		102	130	45	10	6	0	32	70	-1	1	0	0	0	0	0	0	0	0	0	0	1
79	"폭발"			0	0	0	0	2	0	0	0	-1	1	0	0	0	0	0	0	0	0	0	0	1
//---------------------------------------------------------------------------------
// 직책
//---------------------------------------------------------------------------------
67	"스턴"			0	0	70	50	2	0	0	0	-1	-1	1	0	4	0	0	1	1	1	1	1	1
68	"스턴해제"		0	0	25	30	0	0	0	0	-1	-1	1	0	2	0	0	1	1	1	1	1	1
69	"스웰마나"		0	0	35	30	0	0	0	0	-1	-1	1	0	4	0	0	1	1	1	1	1	1
70	"투명"			0	0	80	60	0	0	0	0	-1	-1	1	0	5	1	1	0	1	1	1	1	1
71	"투명해제"		0	0	40	30	0	0	0	0	-1	-1	1	0	2	1	1	0	1	1	1	1	1
72	"마법해제"		0	0	90	70	0	0	0	0	-1	-1	1	0	8	1	0	0	0	0	0	0	1
//---------------------------------------------------------------------------------
// 펜릴
//---------------------------------------------------------------------------------
76	"Plazma Storm"		110	60	50	20	6	1500	0	0	-1	0	0	0	0	0	0	0	2	2	2	1	1
//---------------------------------------------------------------------------------
// 몬스터
//---------------------------------------------------------------------------------
50	"악의불꽃(몬스터)"	60	120	160	0	0	0	100	0	-1	-1	0	0	0	0	0	0	0	0	0	0	0
200	"몬스터소환"		0	0	40	0	0	0	90	0	-1	-1	0	0	0	0	0	0	0	0	0	0	0
201	"마법공격무적"		0	0	40	0	0	0	90	0	-1	-1	0	0	0	0	0	0	0	0	0	0	0
202	"물리공격무적"		0	0	40	0	0	0	90	0	-1	-1	0	0	0	0	0	0	0	0	0	0	0
203	"축복의물약"		0	0	40	0	0	0	90	0	-1	-1	0	0	0	0	0	0	0	0	0	0	0
204	"영혼의물약"		0	0	40	0	0	0	90	0	-1	-1	0	0	0	0	0	0	0	0	0	0	0
//---------------------------------------------------------------------------------
// Season 3 스킬
//---------------------------------------------------------------------------------
210	"보호의 주문"		0	0	30	0	3	0	90	0	-1	-1	0	0	1280	0	0	0	1	1	1	1	1
211	"속박의 주문"		0	0	30	0	3	0	90	0	-1	-1	0	0	1280	0	0	0	1	1	1	1	1
212	"추적의 주문"		0	0	30	0	0	0	90	0	-1	-1	0	0	2560	0	0	0	1	1	1	1	1
213	"쉴드번"		0	0	30	0	0	0	90	0	-1	-1	0	0	1280	0	0	0	1	1	1	1	1
end
