//////////////////////////////////////////////////////////////////////////////////
// CopyRight (c) 2007 WebZen                                                    //
// LastWorktime  : 2007 / 10 / 25                                               //
// LastWorker    : Links                                                        //
//////////////////////////////////////////////////////////////////////////////////
//---------------------------------------------------------------------------------
//英文名:Jewel Of Harmony Option
//中文名:再生宝石强化设置
//说明:最低等级是物品的等级达到时,属性才能出现
//     lv0是level 0   意思是:等级为0时强化属性的值
//     rzen意思是还原时所需金
//---------------------------------------------------------------------------------
// 武器类(包括权杖)
//---------------------------------------------------------------------------------
//类别 		名称	 属性出现概率  最低等级  lv0   	rzen0   lv1	rzen1	lv2 	rzen2 	lv3 	rzen3 	lv4 rzen4 	lv5	rzen5	lv6 	rzen6 	lv7 	rzen7 	lv8 	rzen8 	lv9	rzen9	lv10 	rzen10	lv11 	rzen11	lv12 rzen12	lv13 	rzen13
1																														
1	"最小的攻击力上升"	40	0	2	100000	3	110000	4	120000	5	130000	6	140000	7	150000	9	200000	11	220000	12	240000	14	280000	15	320000	16	360000	17	400000	20	500000
2	"最大的攻击力上升"	40	0	3	100000	4	110000	5	120000	6	130000	7	140000	8	150000	10	200000	12	220000	14	240000	17	280000	20	320000	23	360000	26	400000	29	500000
3	"力量需求降低"		40	0	6	100000	8	110000	10	120000	12	130000	14	140000	16	150000	20	200000	23	220000	26	240000	29	280000	32	320000	35	360000	37	400000	40	500000
4	"敏捷需求降低"		40	0	6	100000	8	110000	10	120000	12	130000	14	140000	16	150000	20	200000	23	220000	26	240000	29	280000	32	320000	35	360000	37	400000	40	500000
5	"技能攻击力提高"	30	6	0	0	0	0	0	0	0	0	0	0	0	0	7	200000	8	220000	9	240000	11	280000	12	320000	14	360000	16	400000	19	500000
6	"加重攻击力提高"	30	6	0	0	0	0	0	0	0	0	0	0	0	0	12	200000	14	220000	16	240000	18	280000	20	320000	22	360000	24	400000	30	500000
7	"攻击力(最小,最大)提升"	20	9	0	0	0	0	0	0	0	0	0	0	0	0	0	0	0	0	0	0	12	280000	14	320000	16	360000	18	400000	22	500000
8	"攻击成功率提高 (PVP)"	20	9	0	0	0	0	0	0	0	0	0	0	0	0	0	0	0	0	0	0	5	280000	7	320000	9	360000	11	400000	14	500000
9	"SD 减少量降低"		20	9	0	0	0	0	0	0	0	0	0	0	0	0	0	0	0	0	0	0	3	280000	5	320000	7	360000	9	400000	10	500000
10	"攻击时SD无视概率"	10	13	0	0	0	0	0	0	0	0	0	0	0	0	0	0	0	0	0	0	0	0	0	0	0	0	0	0	10	500000
end																//---------------------------------------------------------------------------------
// 法杖类
//---------------------------------------------------------------------------------															
2																														
1	"魔法攻击提升"	40	0	6	100000	8	110000	10	120000	12	130000	14	140000	16	150000	17	200000	18	220000	19	240000	21	280000	23	320000	25	360000	27	400000	31	500000
2	"力量需求降低"	40	0	6	100000	8	110000	10	120000	12	130000	14	140000	16	150000	20	200000	23	220000	26	240000	29	280000	32	320000	35	360000	37	400000	40	500000
3	"敏捷需求降低"	40	0	6	100000	8	110000	10	120000	12	130000	14	140000	16	150000	20	200000	23	220000	26	240000	29	280000	32	320000	35	360000	37	400000	40	500000
4	"技能攻击力提高"	30	6	0	0	0	0	0	0	0	0	0	0	0	0	7	200000	10	220000	13	240000	16	280000	19	320000	22	360000	25	400000	30	500000
5	"加重攻击力提高"	30	6	0	0	0	0	0	0	0	0	0	0	0	0	10	200000	12	220000	14	240000	16	280000	18	320000	20	360000	22	400000	28	500000
6	"SD 减少量降低"	20	9	0	0	0	0	0	0	0	0	0	0	0	0	0	0	0	0	0	0	4	280000	6	320000	8	360000	10	400000	13	500000
7	"攻击成功率提高 (PvP)"	20	9	0	0	0	0	0	0	0	0	0	0	0	0	0	0	0	0	0	0	5	280000	7	320000	9	360000	11	400000	14	500000
8	"攻击时SD无视概率"	10	13	0	0	0	0	0	0	0	0	0	0	0	0	0	0	0	0	0	0	0	0	0	0	0	0	0	0	15	500000
end																//---------------------------------------------------------------------------------
// 防具类
//---------------------------------------------------------------------------------															
3																													
1	"防御力提高"	50	0	3	100000	4	110000	5	120000	6	130000	7	140000	8	150000	10	200000	12	220000	14	240000	16	280000	18	320000	20	360000	22	400000	25	500000
2	"最大 AG 提高"	40	3	0	0	0	0	0	0	4	130000	6	140000	8	150000	10	200000	12	220000	14	240000	16	280000	18	320000	20	360000	22	400000	25	500000
3	"最大 HP 提高"	40	3	0	0	0	0	0	0	7	130000	9	140000	11	150000	13	200000	15	220000	17	240000	19	280000	21	320000	23	360000	25	400000	30	500000
4	"生命值自动回复量增加"	30	6	0	0	0	0	0	0	0	0	0	0	0	0	1	200000	2	220000	3	240000	4	280000	5	320000	6	360000	7	400000	8	500000
5	"魔法值自动回复量增加"	20	9	0	0	0	0	0	0	0	0	0	0	0	0	0	0	0	0	0	0	1	280000	2	320000	3	360000	4	400000	5	500000
6	"防御成功率提高 (PvP)"	20	9	0	0	0	0	0	0	0	0	0	0	0	0	0	0	0	0	0	0	3	280000	4	320000	5	360000	6	400000	8	500000
7	"伤害减少量提高"	20	9	0	0	0	0	0	0	0	0	0	0	0	0	0	0	0	0	0	0	3	280000	4	320000	5	360000	6	400000	7	500000
8	"SD比率提高"	10	13	0	0	0	0	0	0	0	0	0	0	0	0	0	0	0	0	0	0	0	0	0	0	0	0	0	0	5	500000
end																															
