//Monster AI Element                                                          
//State : 0 [一般行为属性] 1 [移动行为属性] 2 [攻击行为属性] 3 [治疗行为属性] 4 [回避行为属性] 5 [帮助行为属性] 6 [特殊行为属性] 7 [??属性]
//Type : 实际 传唤 [重要]
//ClassType : 1 [一般] 11 [移-一般] 12 [移动-特定位置移] 13 [移-小组移] 21 [攻击-一般攻] 22 [攻-特定位置攻]
//            31 [治疗-自身治疗] 32 [治疗-小组治疗] 41 [回避] 51 [帮助-HP回避] 52 [帮助-特定] 53 [帮助-共有] 
//            61 [特殊] 62 [特殊-召] 71 [活动]
//            64 [玛雅衣手/防御? 无敌 - X : 魔法攻 无敌时间 (超), Y : 物理攻 无敌rg (超)]
//            65 [防御？ 召]
//            66 [向往体 :防御? - X    : 移动 x坐标, Y : 移动 y坐标]
//            67 [攻裟Ｊ1 - TargetType 1_率 (MonsterSkill.txt Type值 0), X : 2_率 (MonsterSkill.txt Type值 1)
//                            Y    : 3_率 (MonsterSkill.txt Type值 2)]
//            68 [AI 更变 - TargetType : Group 号 , X : 更改 AI Order]
//TargetType : 1 [地址？] 2 [坐标]

//[Number] [Desc] [State] [ClassType] [Rate] [DelayTime(ms)] [TargetType] [X] [Y]
0
1    "一般状况01"    0    1    100    1000    -1    -1    -1
2    "目表移动01"    1    12    100    1000    2    121    36
3    "测试攻击"    2    21    100    300    2    -1    -1
4    "回避-逃亡"    4    41    100    300    2    -1    -1
5    "自我治疗"    3    31    100    300    2    -1    -1

6    "小组召"    6    62    100    300    2    -1    -1
7    "小组治疗"    3    32    100    300    2    -1    -1
8    "小组移动"    1    13    100    300    2    -1    -1
9    "特定位置攻击"    2    22    100    300    2    121    36
//---------------------------------------------------------------------------------
// 地点 1, 2, 3个别 2次攻击目说氐
//---------------------------------------------------------------------------------
11    "1目标移动1-1"    1    12    100    1000    2    128    45
12    "1目标移动1-2"    1    12    100    1000    2    109    42
13    "1目标移动1-3"    1    12    100    1000    2    123    84
14    "1目标移动1-4"    1    12    100    1000    2    119    87
15    "1目标移动2-1"    1    12    100    1000    2    105    32
16    "1目标移动2-2"    1    12    100    1000    2    89    32
17    "1目标移动2-3"    1    12    100    1000    2    83    29
18    "1目标移动2-4"    1    12    100    1000    2    65    34
19    "1目标移动3-1"    1    12    100    1000    2    136    38
20    "1目标移动3-2"    1    12    100    1000    2    134    19
21    "1目标移动3-3"    1    12    100    1000    2    177    37
22    "1目标移动3-4"    1    12    100    1000    2    179    33
//---------------------------------------------------------------------------------
// 地点 1, 2, 3个别 2次攻击目说氐
//---------------------------------------------------------------------------------
31    "1目标移动1-1"    1    12    100    1000    2    126    35
32    "1目标移动1-2"    1    12    100    1000    2    125    27
33    "1目标移动1-3"    1    12    100    1000    2    121    19
34    "1目标移动1-4"    1    12    100    1000    2    119    87
35    "1目标移动2-1"    1    12    100    1000    2    120    38
36    "1目标移动2-2"    1    12    100    1000    2    115    32
37    "1目标移动2-3"    1    12    100    1000    2    109    40
38    "1目标移动2-4"    1    12    100    1000    2    65    34
39    "1目标移动3-1"    1    12    100    1000    2    117    27
40    "1目标移动3-2"    1    12    100    1000    2    117    37
41    "1目标移动3-3"    1    12    100    1000    2    131    31
42    "1目标移动3-4"    1    12    100    1000    2    179    33

51    "1-1特定位置攻"    2    22    100    300    2    121    52  //北城攻击
52    "1-2特定位置攻"    2    22    100    300    2    120    35  //现有攻击位置
53    "2-1特定位置攻"    2    22    100    300    2    101    31  //西城攻击
54    "2-2特定位置攻"    2    22    100    300    2    117    31  //现有攻击位置
55    "3-1特定位置攻"    2    22    100    300    2    141    32  //东城攻击
56    "3-2特定位置攻"    2    22    100    300    2    125    31  //现有攻击位置
//---------------------------------------------------------------------------------
// 格斗 : 吗呀副手
//---------------------------------------------------------------------------------
60    "无敌"            6    64    100    1000    -1    -1    -1
61    "一般攻"        2    21    100    1000    1    -1    -1
62    "快速攻"        2    21    100    800    1    -1    -1
63    "完全快速攻"        2    21    100    100    1    -1    -1

64    "胶懦抄荤"        2    23    100    300    1    -1    -1
65    "一般移"        1    11    100    100    1    -1    -1
//---------------------------------------------------------------------------------
// 
//---------------------------------------------------------------------------------
66  "唱捞飘皋绢 无敌"    6        64    100    1000        -1        2    2
67  "一般移"        1        11    100    100        1        -1    -1
68  "一般攻"        2        21    100    1000        1        -1    -1
69  "召"        6        65    100    1000        1        -1    -1
70  "向往体1"        6        66    100    1000        1        79    100
71  "向往体2"        6        66    100    1000        1        78    124
72  "向往体3"        6        66    100    1000        1        78    141
73  "攻击模式1"        2        67    100    1000        60        40    0
74  "攻击模式2"        2        67    100    1000        40        60    0
75  "攻击模式3"        2        67    100    1000        30        30    40
76  "攻击模式4"        2        67    100    1000        30        20    50
77  "AI更改1"        7        68      100    1000            23              1     -1
78  "AI更改2"        7        68      100    1000            23              2      -1
79  "AI更改3"        7        68      100    1000            23              3      -1
end
