// ----------------------------------------------------------------------
// # FileName: 'Monster.txt'
// # Changed date: '29.10.2009 - 6:50:01'
// # MU S@nek Tools v1.0.1.260
// ----------------------------------------------------------------------
//Monester Configuration by CzF Team
//Credits to eRRoR, Cubars, Unicorn,  n3k1t, MOHAPX
//Version 1.02q - Season 2
//
/////////////////////////////////////////////////////////
/////////   Lorencia  ///////////////////////////////////
/////////////////////////////////////////////////////////
//index  rate	 name	       Lvl    HP      MP    dmgmin    dmgmax    def  magdef   atk successful bloking moverange  attacktype attackrange viewrange movespeed attackspeed regentime attribute itemrate moneyrate maxItemlevel skill
499	1	"BIG BOSSKarn"	120	6000000	0	9600	12000	8000	0	1400	500	2	0	2	3	400	2200	10	2	160	12	6	0	100	100	100	100
487	1	"BOSS+Mob 3"	110	4000000	0	8000	9600	5600	0	1000	400	3	0	2	7	800	1700	10	2	110	0	4	0	100	100	100	100
496	1	"BossM9cnik2"	100	2800000	0	7200	8800	4800	0	700	300	3	0	2	7	800	1700	10	2	110	0	4	0	100	100	100	100
498	1	"Boss 1 Karn"	90	2000000	0	6400	7200	4000	0	500	200	2	0	2	3	400	2200	10	2	160	12	6	0	60	60	60	60
497	1	"CTPAG Karn4"	100	4000000	0	8000	10400	4800	0	700	300	3	0	1	5	400	1600	10	2	140	10	6	0	60	60	60	60
488	1	"ctrag Karn3"	90	3200000	0	7200	8800	4000	0	500	200	3	0	2	7	800	1700	10	2	110	0	4	0	40	40	40	40
489	1	"ctrag Karn2"	70	2400000	0	5600	6400	3200	0	400	150	3	0	2	7	800	1700	10	2	110	0	4	0	20	20	20	20
491	1	"ctrag Karn1"	50	1600000	0	4000	4800	2400	0	300	100	3	0	2	7	800	1700	10	2	110	0	4	0	0	0	0	0
492	1	"BOSS mictik"	100	8000000	0	12000	16000	16000	300	2000	3000	600	3	1	2	100	800	1700	10	2	110	50	4	100	100	100	100
495	1	"Ctrag mictik"	100	3200000	0	5600	8800	5600	0	1000	500	120	0	2	7	800	1700	10	2	110	0	4	0	100	100	100	100
494	1	"2ctragMictik"	100	4000000	0	6400	10400	8000	0	1500	800	120	0	2	7	800	1700	10	2	110	0	4	0	100	100	100	100
481	1	"BOSS rena"	101	3600000	0	6400	8000	1600	0	700	200	3	3	2	7	500	1500	1800	2	90	0	3	0	20	20	20	20
485	1	"Suite"	120	6800000	0	16000	20000	4000	0	1400	1000	3	0	2	7	500	1000	20	2	110	0	4	0	100	100	100	100
484	1	"GolCtragRen"	120	8000000	0	16000	20000	4000	0	1500	700	3	0	2	7	800	1700	20	2	110	0	4	0	100	100	100	100
483	1	"Dead Magic"	120	7200000	0	13600	16000	4000	0	1200	700	3	17	6	7	500	1500	20	2	90	0	3	0	20	20	20	20
44	1	"Golden Dragon"	60	1000000	0	3400	4000	2000	0	1000	500	3	150	2	7	400	1800	100	2	50	10	0	0	40	40	40	40
43	1	"GoldBudDragon"	15	50000	0	400	600	200	0	150	70	3	0	1	7	400	1400	600	2	10	10	0	0	20	20	20	20
55	1	"Death King"	30	18000	0	320	360	100	0	190	37	2	0	2	6	400	1800	20	2	200	14	3	0	20	20	20	20
56	1	"Death Bone"	24	9000	0	180	200	80	0	150	29	3	0	1	5	400	1600	20	2	200	14	4	0	10	10	10	10
78	1	"Golden Goblin"	20	300000	0	1400	1600	400	0	400	150	3	0	1	7	400	1400	600	2	10	10	0	0	50	50	50	50
53	1	"Golden Titan"	53	500000	0	2000	2600	800	0	600	200	3	150	3	7	400	2000	20	2	200	14	3	0	100	100	100	100
54	1	"GoldenSolider"	46	200000	0	1200	1400	400	0	300	100	3	0	5	7	400	1800	20	2	200	14	3	0	30	30	30	30
79	1	"Golden Dragon"	80	1000000	0	3400	4000	2000	0	1000	500	3	150	2	7	400	1800	5	2	50	10	0	0	90	70	90	90
80	1	"GoldLizardKing"	83	4000000	0	8800	9600	6000	0	900	450	3	3	3	7	400	1600	15	2	175	14	3	0	300	300	300	300
81	1	"Golden Vepar"	61	2000000	0	2000	4000	3600	0	400	200	3	17	4	7	400	1600	8	2	185	14	3	0	0	0	30	0
82	1	"Tantallos"	90	8000000	0	11200	12800	10000	0	1500	700	3	150	2	7	400	1400	70	2	180	30	3	0	500	500	500	500
83	1	"Golden whell"	77	3000000	0	4000	4800	4000	0	500	200	3	0	4	7	400	1400	70	2	180	30	3	0	90	70	90	90
151	1	"GoldWarrior"	58	80000	0	700	720	440	0	290	86	3	0	4	7	400	1600	100	2	160	10	3	0	60	60	60	60
136	1	"Destroys the warrior"	70	190000	0	840	960	720	0	400	125	3	0	1	3	400	1500	10	2	300	200	3	0	70	70	70	70
137	1	"Deconstruction"	74	240000	0	880	1040	760	0	440	130	3	0	5	5	400	1800	10	2	300	200	3	0	80	80	80	80
135	1	"Whiteevilspiritmaster"	87	520000	0	1480	1640	1600	0	550	200	4	3	5	6	400	2200	10	2	150	50	4	0	150	150	200	150
229	1	"Malron"	2	50	0	15	30	70	20	10	30	0	0	0	5	400	1500	10	0	200	10	0	0	0	0	0	0
230	1	"Alex"	2	50	0	15	30	70	20	10	30	0	0	0	5	400	1500	10	0	200	10	0	0	0	0	0	0
231	1	"ThomsonCannel"	2	50	0	15	30	70	20	10	30	0	0	0	5	400	1500	10	0	200	10	0	0	0	0	0	0
234	1	"Goblin Gate"	2	50	0	15	30	70	20	10	30	0	0	0	5	400	1500	10	0	200	10	0	0	0	0	0	0
235	1	"Priest Sevina"	2	50	0	15	30	70	20	10	30	0	0	0	5	400	1500	10	0	200	10	0	0	0	0	0	0
233	1	"SpiritofArchangel"	2	50	0	15	30	70	20	10	30	0	0	0	5	400	1500	10	0	200	10	0	0	0	0	0	0
232	1	"Archangel"	2	50	0	15	30	70	20	10	30	0	0	0	5	400	1500	10	0	200	10	0	0	0	0	0	0
236	1	"Golden Archer"	2	50	0	15	30	70	20	10	30	0	0	0	5	400	1500	10	0	200	10	0	0	0	0	0	0
237	1	"Charon"	2	50	0	15	30	70	20	10	30	0	0	0	5	400	1500	10	0	200	10	0	0	0	0	0	0
238	1	"Chaos Goblin"	2	50	0	15	30	70	20	10	30	0	0	0	5	400	1500	10	0	200	10	0	0	0	0	0	0
239	1	"Stadium Guard"	2	50	0	15	30	70	20	10	30	0	0	0	5	400	1500	10	0	200	10	0	0	0	0	0	0
240	1	"Storage Guard"	2	50	0	15	30	70	20	10	30	0	0	0	5	400	1500	10	0	200	10	0	0	0	0	0	0
241	1	"Guild Master"	2	50	0	15	30	70	20	10	30	0	0	0	5	400	1500	10	0	200	10	0	0	0	0	0	0
242	1	"Elf Lala"	2	50	0	15	30	70	20	10	30	0	0	0	5	400	1500	10	0	200	10	0	0	0	0	0	0
243	1	"Craftsman"	2	50	0	15	30	70	20	10	30	0	0	0	5	400	1500	10	0	200	10	0	0	0	0	0	0
244	1	"Barmaid"	2	50	0	15	30	70	20	10	30	0	0	0	5	400	1500	10	0	200	10	0	0	0	0	0	0
245	1	"Wizard"	2	50	0	15	30	70	20	10	30	0	0	0	5	400	1500	10	0	200	10	0	0	0	0	0	0
246	1	"WeaponMerchant"	20	1000	0	15	30	70	0	100	30	0	0	0	5	400	1500	10	0	200	10	0	0	0	0	0	0
247	1	"Xbow Guard"	90	10000	0	180	195	70	20	300	100	5	0	2	2	400	1500	10	1	200	10	0	0	0	0	0	0
248	1	"FlorencePeddler"	20	1000	0	15	30	70	0	100	30	0	0	0	5	400	1500	10	0	200	10	0	0	0	0	0	0
249	1	"Berdysh guard"	90	10000	0	180	195	70	20	300	100	5	0	5	5	400	1500	10	1	200	10	0	0	0	0	0	0
250	1	"Peddler"	20	1000	0	15	30	70	20	100	30	0	0	0	5	400	1000	10	0	200	10	0	0	0	0	0	0
251	1	"HanzBlacksmith"	20	1000	0	15	30	70	20	100	30	0	0	0	5	400	1500	10	0	200	10	0	0	0	0	0	0
252	1	"Unknown Shop"	2	50	0	15	30	70	20	10	30	0	0	2	5	400	1000	10	0	200	10	0	0	0	0	0	0
253	1	"PotGirl"	2	50	0	15	30	70	20	10	30	0	0	0	5	400	1500	10	0	200	10	0	0	0	0	0	0
254	1	"Wizard Pasi"	2	50	0	15	30	70	20	10	30	0	0	0	5	400	1500	10	0	200	10	0	0	0	0	0	0
255	1	"Liad Barmaid"	2	50	0	15	30	70	20	10	30	0	0	0	5	400	1500	10	0	200	10	0	0	0	0	0	0
226	1	"Trainer"	2	50	0	15	30	70	20	10	30	0	0	0	5	400	1500	10	0	200	10	0	0	0	0	0	0
256	1	"Lahap"	2	50	0	15	30	70	20	10	30	0	0	0	5	400	1500	10	0	200	10	0	0	0	0	0	0
257	1	"Elf Soldier"	2	50	0	15	30	70	20	10	30	0	0	0	5	400	1500	10	0	200	10	0	0	0	0	0	0
104	1	"Trap"	2	50	0	500	600	0	0	800	30	0	50	0	1	0	1000	0	0	0	0	0	0	0	0	0	0
215	1	"Shield"	2	50	0	15	30	70	20	10	30	0	0	0	5	400	1500	10	0	200	10	0	0	0	0	0	0
216	1	"Korona"	2	50	0	15	30	70	20	10	30	0	0	0	0	0	0	0	0	0	0	0	0	0	0	0	0
217	1	"CrownSwitch1"	2	50	0	15	30	70	20	10	30	0	0	0	0	0	0	0	0	0	0	0	0	0	0	0	0
218	1	"CrownSwitch2"	2	50	0	15	30	70	20	10	30	0	0	0	0	0	0	0	0	0	0	0	0	0	0	0	0
219	1	"CastleGateSwitch"	2	50	0	15	30	70	20	10	30	0	0	0	0	0	0	0	0	0	0	0	0	0	0	0	0
220	1	"Guard"	2	50	0	15	30	70	20	10	30	0	0	0	0	400	1500	0	0	0	0	0	0	0	0	0	0
221	1	"SlingshotAttack"	2	50	0	15	30	70	20	10	30	0	0	0	0	400	1500	0	0	0	0	0	0	0	0	0	0
222	1	"SlingshotDefend"	2	50	0	15	30	70	20	10	30	0	0	0	0	400	1500	0	0	0	0	0	0	0	0	0	0
223	1	"Senior"	2	50	0	15	30	70	20	10	30	0	0	0	0	0	0	0	0	0	0	0	0	0	0	0	0
224	1	"Guardsman"	2	50	0	15	30	70	20	10	30	0	0	0	0	0	0	0	0	0	0	0	0	0	0	0	0
283	1	"GuardianStatue"	2	50	0	15	30	70	20	10	30	0	0	0	0	0	0	0	0	0	0	0	0	0	0	0	0
288	1	"Cannon Tower"	200	50	0	575	610	500	20	1000	30	0	150	7	6	400	2000	0	0	0	0	0	0	0	0	0	0
277	1	"Castle Gate"	2	50	0	15	30	70	20	10	30	0	0	0	0	0	0	0	0	0	0	0	0	0	0	0	0
278	1	"Life Stone"	2	250000	0	15	30	70	20	10	30	0	0	0	0	0	0	0	0	0	0	0	0	0	0	0	0
284	1	"Vacio"	2	50	0	15	30	70	20	10	30	0	0	0	0	0	0	0	0	0	0	0	0	0	0	0	0
285	1	"Guardian Gate"	2	30000	0	15	30	70	20	10	30	0	0	0	5	400	1500	10	0	200	10	0	0	0	0	0	0
286	1	"Guard1"	100	23000	0	340	390	340	0	520	190	0	0	6	7	400	2000	0	2	0	0	0	0	7	7	7	7
287	1	"Guard2"	100	26000	0	390	430	380	0	590	200	0	0	1	3	400	1600	0	2	0	0	0	0	7	7	7	7
204	1	"Wolf Statue"	2	50	0	15	30	70	20	10	30	0	0	0	0	0	0	0	0	0	0	0	0	0	0	0	0
205	1	"Wolf Altar1"	2	50	0	15	30	70	20	10	30	0	0	0	0	0	0	0	0	0	0	0	0	0	0	0	0
206	1	"Wolf Altar2"	2	50	0	15	30	70	20	10	30	0	0	0	0	0	0	0	0	0	0	0	0	0	0	0	0
207	1	"Wolf Altar3"	2	50	0	15	30	70	20	10	30	0	0	0	0	0	0	0	0	0	0	0	0	0	0	0	0
208	1	"Wolf Altar4"	2	50	0	15	30	70	20	10	30	0	0	0	0	0	0	0	0	0	0	0	0	0	0	0	0
209	1	"Wolf Altar5"	2	50	0	15	30	70	20	10	30	0	0	0	0	0	0	0	0	0	0	0	0	0	0	0	0
259	1	"Kalima Seller"	2	50	0	15	30	70	20	10	30	0	0	0	5	400	1500	10	0	200	10	0	0	0	0	0	0
367	1	"GateToNightmare"	20	1000	0	15	30	70	20	100	30	0	0	0	5	400	1000	10	0	200	10	0	0	0	0	0	0
368	1	"Elpis"	2	50	0	15	30	70	20	10	30	0	0	0	5	400	1500	10	0	200	10	0	0	0	0	0	0
369	1	"Osborn"	2	50	0	15	30	70	20	10	30	0	0	0	5	400	1500	10	0	200	10	0	0	0	0	0	0
370	1	"Geridon"	2	50	0	15	30	70	20	10	30	0	0	0	5	400	1500	10	0	200	10	0	0	0	0	0	0
371	1	"NewGuardSeason2"	90	10000	0	180	195	70	20	300	100	5	0	5	5	400	1500	10	1	200	10	0	0	0	0	0	0
365	1	"Fortune Pouchr"	91	450000	0	0	0	2400	0	2000	550	6	0	3	7	700	1700	1800	2	150	14	3	0	40	40	40	40
482	1	"Rumble"	129	2500000	0	9500	12500	3500	0	1000	400	3	0	2	7	800	1700	600	2	110	0	4	0	40	40	40	40
150	1	"Bali"	57	60000	0	1100	1250	650	0	260	75	3	0	1	7	400	1600	8	2	160	10	3	0	12	12	12	12
474	1	"Kipcher"	85	300000	0	2000	2250	1400	0	500	175	3	150	2	7	400	1400	8	2	160	30	3	0	18	18	18	18
475	1	"Ice Monn"	98	500000	0	2750	3000	2350	0	790	285	3	17	2	5	500	1500	8	2	80	0	3	0	8	8	8	8
476	1	"Ice Walker"	107	650000	0	3250	3500	3000	0	1000	300	3	17	2	5	500	1500	8	2	100	0	3	0	8	8	8	8
477	1	"Rock Shadow"	117	900000	0	3500	3750	3500	0	1200	330	3	17	2	5	500	1500	8	2	100	0	3	0	8	8	8	8
478	1	"Green Ween"	125	1200000	0	4000	4250	4500	0	1400	400	3	17	6	7	500	1500	8	2	70	0	3	0	16	16	16	16
470	1	"Bad Santa"	80	250000	0	1000	1500	1500	0	500	200	3	3	2	7	400	1400	20	2	170	30	3	0	16	16	16	16
471	1	"UnU Zombie"	132	1400000	0	4500	4750	4750	0	1600	440	3	150	4	7	400	1400	8	2	120	10	4	0	18	6	18	18
472	1	"Joun Ween"	76	200000	0	1600	1750	1050	0	410	130	3	0	5	7	400	1400	8	2	170	30	3	0	16	16	16	16
473	1	"Red Ween "	67	100000	0	1400	1500	850	0	310	91	3	0	1	7	400	1800	8	2	200	14	3	0	12	12	12	14
486	1	"PET 1"	50	20000	0	400	500	100	0	200	160	3	0	2	7	800	1700	10	2	110	0	4	0	50	50	50	50
493	1	"PET 2"	70	40000	0	600	700	150	0	300	360	3	0	2	7	800	1700	10	2	110	0	4	0	50	50	50	50
490	1	"PET 3"	90	60000	0	900	1000	300	0	500	360	3	0	2	7	800	1700	10	2	110	0	4	0	50	50	50	50
479	1	"PET 4"	120	90000	0	1800	2000	600	0	900	360	3	0	2	7	800	1700	10	2	110	0	4	0	50	50	50	50
480	1	"PET 5"	130	140000	0	2800	3000	1200	0	1500	360	3	0	2	7	800	1700	10	2	110	0	4	0	50	50	50	50
275	1	"Kundun Demon"	148	5000000	0	20000	25000	15000	0	2000	1000	3	150	15	7	800	2000	21600	2	160	14	3	0	5000	5000	5000	5000
349	1	"Balgass"	148	4000000	0	10000	15000	7000	0	1590	370	3	150	4	7	400	1400	240	2	120	10	1	0	5000	5000	5000	5000
295	1	"Erohim"	128	3000000	0	11000	12500	9000	0	1300	500	3	150	6	8	650	1600	43200	2	70	30	4	0	2500	2500	2500	2500
338	1	"RelicsOfKundun"	140	3000000	0	13500	16000	11000	0	1250	600	3	150	10	7	800	1400	7200	2	160	14	3	0	1500	1500	1500	1500
340	1	"Dark Elf"	147	1500000	0	6000	7000	6500	0	1200	370	3	150	3	7	400	1400	210	2	120	10	1	0	1500	1500	1500	1500
361	1	"Nightmare"	135	4000000	0	12250	14680	10000	0	2000	420	6	0	2	7	700	1700	10	2	150	14	3	0	150	255	150	150
362	1	"Hands of Maya"	130	4000000	0	7320	9320	3150	0	2000	1445	6	0	3	7	700	1700	10	2	150	14	3	0	100	100	100	100
363	1	"Hands of Maya"	130	3500000	0	7320	9320	8000	0	2000	550	6	0	3	7	700	1700	10	2	150	14	3	0	100	100	100	100
371	1	"EliteSoldier"	130	350000	0	732	932	800	0	2000	550	6	0	3	7	700	1700	10	2	150	14	3	0	100	100	100	100
376	1	"DrinkSellerHillary"	130	350000	0	732	932	800	0	2000	550	6	0	3	7	700	1700	10	2	150	14	3	0	100	100	100	100
377	1	"DrinkSellerLindsay"	130	350000	0	732	932	800	0	2000	550	6	0	3	7	700	1700	10	2	150	14	3	0	100	100	100	100
337	1	"Schriker"	137	175000	0	1160	1220	930	0	1300	483	3	17	6	7	500	1600	10	2	70	0	4	23	29	29	29	29
317	1	"Solam"	127	260000	0	800	800	660	0	1100	400	3	150	2	7	400	1400	70	2	180	30	3	0	9	7	9	9
316	1	"Valam"	123	240000	0	900	800	640	0	1100	400	3	150	2	7	400	1400	70	2	180	30	3	0	9	7	9	9
348	1	"Ballista"	133	200000	0	650	750	550	0	1200	370	0	150	6	7	0	1400	45	2	120	10	4	0	9	3	9	9
341	1	"Soram"	134	154000	0	600	650	500	0	1000	500	3	150	2	7	400	1400	10	2	120	10	4	0	8	3	9	9
345	1	"Death Spirit"	134	380000	0	4200	4550	3500	0	1100	397	3	150	4	7	400	1400	30	2	120	10	4	0	9	3	9	9
344	1	"Balram"	132	560000	0	4200	4550	3500	0	1000	440	3	150	4	7	400	1400	10	2	120	10	4	0	9	3	9	9
274	1	"Schriker"	131	400000	0	7140	7840	5810	0	1140	473	3	17	6	7	500	1600	10	2	70	0	4	23	29	29	29	29
336	1	"DeathCenturion"	128	594000	0	7280	7819	5880	0	1160	443	3	17	6	7	500	1500	10	2	70	0	3	0	28	28	28	28
315	1	"Werewolf Hero"	127	492000	0	6748	7105	5600	0	1100	397	3	150	2	7	400	1400	70	2	180	30	3	0	9	7	9	9
335	1	"Necron"	125	512000	0	6685	7210	5390	0	1090	405	3	17	2	5	500	1500	10	2	80	0	3	21	27	27	27	27
267	1	"IllusionKundun"	125	400000	0	7000	8400	5600	0	1050	500	3	150	10	7	800	1700	3600	2	100	0	4	0	50	50	50	50
314	1	"Scout Hero"	123	480000	0	6230	6370	5180	0	1000	370	3	150	2	7	400	1400	70	2	180	30	3	0	9	7	9	9
269	1	"deathCenturion"	122	394000	0	6300	7119	5180	0	1100	423	3	17	6	7	500	1500	10	2	70	0	3	0	28	28	28	28
334	1	"Death Angel"	120	440000	0	6090	6650	5110	0	1020	370	3	17	6	7	500	1500	10	2	80	0	3	20	26	26	26	26
360	1	"Dreadfear"	119	376000	0	6622	6972	5481	0	1015	905	3	0	2	5	500	1500	10	2	130	0	3	0	27	27	27	27
313	1	"Werewolf"	118	440000	0	5810	5950	4760	0	1000	355	3	150	2	7	400	1400	70	2	180	30	3	0	9	7	9	9
333	1	"BloodySoldier"	118	372000	0	5635	6307	4795	0	1020	345	3	17	6	7	500	1500	10	2	90	0	3	0	25	25	25	25
273	1	"Necron"	118	352000	0	5705	6510	4690	0	1070	393	3	17	2	5	500	1500	10	2	80	0	3	21	27	27	27	27
358	1	"Persona"	118	272000	0	8176	8491	4305	0	1190	485	3	0	5	7	500	1600	10	2	130	0	4	0	29	29	29	29
359	1	"Twin Tail"	117	350000	0	5810	7595	6055	0	1080	440	3	0	4	7	500	1500	10	2	130	0	3	0	28	28	28	28
332	1	"LordCenturion"	117	346000	0	5355	5915	4585	0	1020	330	3	17	2	5	500	1500	10	2	100	0	3	0	24	24	24	24
331	1	"Aegis"	114	328000	0	5215	5635	4060	0	1020	320	3	17	1	7	500	1500	10	2	100	0	3	17	23	23	23	23
268	1	"Death Angel"	114	320000	0	5250	5950	4410	0	1000	370	3	17	6	7	500	1500	10	2	80	0	3	20	26	26	26	26
77	1	"PhoenixOfDarkness"	113	380000	0	6650	7000	4200	0	900	350	1	150	6	7	400	1500	150	2	120	14	4	0	30	30	35	30
76	1	"DarkPhoenixShield"	111	292000	0	5950	6720	4060	0	840	305	3	3	3	5	400	1400	100	2	190	14	3	0	30	30	35	30
266	1	"Schriker"	111	274000	0	5180	5670	4305	0	960	365	3	17	6	7	500	1600	10	2	70	0	4	23	26	26	26	26
197	1	"IllusionKundun"	110	320000	0	5600	7000	4200	0	800	300	3	150	10	7	800	1700	3600	2	100	0	4	0	45	45	45	45
270	1	"BloodySoldier"	110	292000	0	4935	5607	4095	0	1000	345	3	17	6	7	500	1500	10	2	90	0	3	0	25	25	25	25
272	1	"LordCenturion"	107	266000	0	4655	5215	3885	0	1000	330	3	17	2	5	500	1500	10	2	100	0	3	0	24	24	24	24
357	1	"Genocider"	105	194000	0	4480	4725	3605	0	810	290	3	0	2	7	500	1600	10	2	135	0	4	0	26	26	26	26
271	1	"Aegis"	104	248000	0	4515	4935	3780	0	1000	320	3	17	1	7	500	1500	10	2	100	0	3	17	23	23	23	23
261	1	"deathCenturion"	103	232000	0	4480	5194	3675	0	880	315	3	17	6	7	500	1500	10	2	70	0	3	0	25	25	25	25
301	1	"Omega Wing"	102	276000	0	6846	7560	5040	0	670	290	20	0	1	10	800	1600	10	2	150	10	3	0	26	26	28	26
143	1	"SpiritSourcerer"	102	220000	0	3920	4200	3850	0	870	310	4	150	4	6	400	1800	10	2	150	50	4	0	10	10	10	10
291	1	"Fire Golem"	102	220000	0	3920	4200	3850	0	1000	310	3	0	1	7	500	1600	10	2	100	50	4	0	29	29	29	29
350	1	"Berserk"	100	280000	0	2856	3801	3010	0	1000	360	3	0	2	7	800	1700	10	2	110	0	4	0	50	50	50	50
75	1	"Gaint Drakan"	100	200000	0	4060	4480	3500	0	820	305	3	150	5	5	400	1400	20	2	140	14	3	0	15	15	17	18
130	1	"SpiritSourcerer"	99	188000	0	3710	4060	3500	0	840	280	4	150	4	6	400	1800	10	2	150	50	4	0	9	9	9	9
265	1	"Necron"	98	200000	0	4025	4830	3185	0	790	285	3	17	2	5	500	1500	10	2	80	0	3	21	24	24	24	24
309	1	"Hell Maine"	98	200000	0	3850	4200	3640	0	2400	300	3	150	2	7	400	1400	30	2	160	14	3	0	9	7	9	9
142	1	"Spirit Knight"	98	180000	0	3570	3920	3430	0	800	270	3	0	1	3	400	2000	10	2	200	100	3	0	7	7	7	7
356	1	"Gigantis"	98	172000	0	3822	4067	3010	0	715	250	3	0	2	7	500	1500	10	2	135	0	3	0	25	25	25	25
310	1	"Hammer Scout"	97	180000	0	3710	3920	2940	0	800	250	3	150	2	7	400	1400	70	2	180	30	3	0	9	7	9	9
311	1	"Lance Scout"	97	180000	0	3710	3920	2940	0	900	250	3	150	2	7	400	1400	70	2	180	30	3	0	9	7	9	9
312	1	"Bow Scout"	97	180000	0	3710	3920	2940	0	1000	250	3	150	2	7	400	1400	70	2	180	30	3	0	9	7	9	9
72	1	"PhantomKnight"	96	164000	0	3920	4270	3010	0	690	270	3	150	2	5	400	1400	20	2	150	14	3	0	14	14	16	14
189	1	"IllusionKundun"	95	240000	0	4200	5600	2800	0	600	200	3	150	10	7	800	1700	3600	2	100	0	4	0	40	40	40	40
196	1	"Schriker"	95	172000	0	3710	4480	2905	0	700	255	3	17	6	7	500	1600	10	2	70	0	4	0	23	23	23	23
260	1	"Death Angel"	95	172000	0	3710	4410	2905	0	720	262	3	17	6	7	500	1500	10	2	80	0	3	20	23	23	23	23
303	1	"Gigas Golem"	94	200000	0	5250	5950	3850	0	580	240	20	17	5	10	1000	2500	10	2	150	10	3	0	54	54	54	54
129	1	"Spirit Knight"	94	152000	0	3360	3780	3150	0	720	260	3	0	1	3	400	2000	10	2	200	100	3	0	6	6	6	6
63	1	"DeathvimKnight"	93	160000	0	4130	5250	2940	0	575	220	3	150	5	7	400	1400	150	2	130	30	3	0	13	13	13	17
355	1	"Kentauros"	93	154000	0	3290	3535	2590	0	645	220	3	0	4	5	500	1500	10	2	135	0	3	0	24	24	24	24
141	1	"Spirit Beast"	93	148000	0	3290	3640	3080	0	730	250	3	17	5	7	400	1600	10	2	250	150	3	0	7	7	7	7
262	1	"Bloody soldier"	92	146000	0	3430	4102	2590	0	670	245	3	17	6	7	500	1500	10	2	90	0	3	0	22	22	22	22
74	1	"Alpha Crust"	92	138000	0	3423	3780	2520	0	620	240	3	0	1	5	400	1400	10	2	160	14	3	0	13	13	14	13
292	1	"Posion Golem"	92	138000	0	3423	3780	2520	0	900	240	3	3	5	5	500	2000	10	2	160	14	3	0	28	28	28	28
59	1	"Zaikan"	90	136000	0	3570	4830	2800	0	550	185	3	150	5	7	400	1400	150	2	160	30	3	0	13	13	13	15
124	1	"SpiritSourcerer"	90	128000	0	2800	3220	3150	0	720	260	4	150	4	6	400	1800	10	2	150	50	4	0	8	8	8	8
128	1	"Spirit Beast"	90	128000	0	3080	3500	2800	0	660	230	3	17	5	7	400	1600	10	2	250	150	3	0	6	6	6	6
140	1	"SpiritSoldier"	90	128000	0	3010	3360	2800	0	660	230	3	0	1	3	400	2000	10	2	250	150	3	0	7	7	7	7
103	1	"Meteorite"	90	1000	0	1120	1330	0	0	450	500	0	50	0	1	500	1000	3	1	200	10	0	0	0	0	0	0
264	1	"Lord centurion"	89	128000	0	3290	3850	2380	0	625	230	3	17	2	5	500	1500	10	2	100	0	3	0	21	21	21	21
191	1	"deathCenturion"	88	128000	0	3220	3710	2310	0	610	215	3	17	6	7	500	1500	10	2	70	0	3	0	22	22	22	22
354	1	"Blade Hunter"	88	128000	0	2856	3101	2205	0	587	195	3	0	1	7	500	1500	10	2	135	0	3	0	23	23	23	23
263	1	"Aegis"	87	116000	0	3150	3570	2275	0	600	220	3	17	1	7	500	1500	10	2	100	0	3	17	20	20	20	20
123	1	"Spirit Knight"	87	104000	0	2590	2870	2800	0	650	200	3	0	1	3	400	2000	10	2	200	100	3	0	5	5	5	5
139	1	"Orc Archer"	87	104000	0	2730	3010	2660	0	590	200	3	0	5	7	400	1600	10	2	300	200	3	0	7	7	7	7
66	1	"Cursed King"	86	152000	0	3500	3990	2450	0	525	200	3	150	4	7	400	1400	70	2	200	30	3	0	17	17	17	17
73	1	"Drakan"	86	116000	0	2975	3360	2135	0	570	210	3	150	5	5	400	1400	20	2	160	14	3	0	12	12	13	12
127	1	"SpiritSoldier"	86	100000	0	2730	2940	2520	0	580	195	3	0	1	3	400	2000	10	2	250	150	3	0	6	6	6	6
122	1	"Spirit Beast"	85	92000	0	2380	2730	2100	0	520	190	3	17	5	7	400	1600	10	2	250	150	3	0	5	5	5	5
138	1	"King Orc"	85	92000	0	2380	2730	2380	0	520	190	3	0	1	3	400	2000	10	2	300	200	3	0	7	7	7	7
302	1	"AxeWarriorHero"	85	92000	0	3570	4060	2730	0	435	175	20	0	1	10	800	1600	10	2	150	10	3	0	50	50	50	50
353	1	"Satyros"	85	88000	0	2555	2765	1960	0	540	177	3	0	2	7	500	1500	10	2	155	0	3	0	22	22	22	22
61	1	"Vim Knight"	84	100000	0	2625	2975	1925	0	530	190	3	17	4	7	400	1400	20	2	160	30	3	0	10	10	10	10
293	1	"Queen Bee"	84	100000	0	2625	2975	1925	0	830	190	3	17	4	6	500	2000	10	2	160	30	3	0	27	27	27	27
118	1	"SpiritSourcerer"	84	96000	0	2100	2450	2520	0	640	200	4	150	4	6	400	1800	10	2	150	50	4	0	7	7	7	7
304	1	"Witch Queen"	84	90000	0	2660	2870	1925	0	2000	185	3	150	2	7	400	1400	30	2	160	14	3	0	9	7	9	9
195	1	"Necron"	83	92000	0	2730	2940	1925	0	530	180	3	17	2	5	500	1500	10	2	80	0	3	0	21	21	21	21
58	1	"Tantallos"	83	88000	0	2345	2695	1750	0	500	175	3	150	2	7	400	1400	20	2	160	30	3	0	9	9	9	9
300	1	"Mutant Hero"	82	80000	0	3500	3920	2660	0	415	170	20	0	1	10	800	1600	10	2	150	10	3	0	16	16	16	16
70	1	"Queen Rainer"	82	76000	0	2135	2450	1610	0	475	160	3	17	3	5	400	1400	10	2	160	14	3	0	9	11	12	9
117	1	"Spirit Knight"	82	72000	0	1890	2240	2030	0	560	170	3	0	1	3	400	2000	10	2	200	100	3	0	4	4	4	4
352	1	"Iron Rider"	82	72000	0	2345	2555	1750	0	490	168	3	0	2	5	500	1500	10	2	155	0	3	0	21	21	21	21
126	1	"Orc Archer"	81	80000	0	2240	2450	1890	0	520	160	3	0	5	7	400	1600	10	2	300	200	3	0	6	6	6	6
181	1	"IllusionKundun"	80	120000	0	2800	4200	1400	0	400	150	3	150	10	7	800	1700	3600	2	100	0	4	0	35	35	35	35
121	1	"SpiritSoldier"	80	76000	0	1960	2380	1540	0	470	175	3	0	1	3	400	2000	10	2	250	150	3	0	5	5	5	5
173	1	"Chaos Castle6"	80	72000	0	1960	2100	1680	0	470	150	50	17	6	7	400	1600	10	2	300	200	3	0	6	6	6	6
188	1	"Schriker"	80	70000	0	2345	2485	1575	0	465	155	3	17	6	7	500	1600	10	2	70	0	4	0	20	20	20	20
190	1	"Death Angel"	80	70000	0	2345	2590	1645	0	465	155	3	17	6	7	500	1500	10	2	80	0	3	0	20	20	20	20
57	1	"Iron Wheel"	80	68000	0	1960	2310	1505	0	446	150	3	0	4	7	400	1400	10	2	160	30	3	0	9	9	9	9
351	1	"Sprinter Wolf"	80	64000	0	2170	2380	1610	0	460	163	3	0	2	7	500	1500	10	2	155	0	3	0	20	20	20	20
100	1	"Saw Trap"	80	1000	0	100	110	0	0	400	500	0	0	4	1	500	1000	3	1	200	10	0	0	0	0	0	0
101	1	"Skewer Tap"	80	1000	0	110	130	0	0	400	500	0	0	0	1	500	1000	3	1	200	10	0	0	0	0	0	0
102	1	"Fire Trap"	80	1000	0	130	150	0	0	400	500	0	0	2	1	500	1000	3	1	200	10	0	0	0	0	0	0
105	1	"Canon Trap"	80	1000	0	200	203	0	0	400	500	0	0	4	2	500	1000	3	1	200	10	0	0	0	0	0	0
106	1	"Laser Trap"	80	1000	0	150	152	0	0	400	500	0	0	1	1	500	1000	3	1	200	10	0	0	0	0	0	0
112	1	"SpiritSourcerer"	79	30000	0	1150	1400	1200	0	500	180	4	150	4	6	400	1800	10	2	150	50	4	0	5	5	5	5
116	1	"Spirit Beast"	79	30000	0	1250	1450	1050	0	500	150	3	17	5	7	400	1600	10	2	250	150	3	0	4	4	4	4
71	1	"Mega Crust"	78	30000	0	1350	1600	1050	0	430	140	3	0	1	5	400	1400	10	2	160	14	3	0	9	9	12	9
290	1	"Axe Warrior"	78	30000	0	1350	1600	1050	0	800	140	3	0	1	5	400	1400	10	2	170	14	3	0	26	26	26	26
67	1	"Metal Barlog"	77	52000	0	1500	1800	1100	0	385	150	3	150	2	7	400	1600	200	2	160	14	3	0	9	9	9	9
192	1	"BloodySoldier"	77	28000	0	1475	1650	1075	0	430	140	3	17	6	7	500	1500	10	2	90	0	3	0	19	19	19	19
125	1	"King Orc"	76	34000	0	1300	1450	1050	0	460	150	3	0	1	3	400	2000	10	2	300	200	3	0	6	6	6	6
172	1	"ChaosCastleç6"	76	30000	0	1275	1400	1075	0	430	140	50	0	1	7	400	2000	10	2	300	200	3	0	6	6	6	6
60	1	"Bloody Wolf"	76	27000	0	1300	1500	1000	0	410	130	3	0	2	7	400	1400	10	2	170	30	3	0	8	8	8	8
120	1	"Orc Archer"	75	30000	0	1200	1500	950	0	420	130	3	0	5	7	400	1600	10	2	300	200	3	0	5	5	5	5
171	1	"Chaos Castle5"	75	25000	0	1175	1300	950	0	400	130	50	17	6	7	400	1600	10	2	300	200	3	0	5	5	5	5
115	1	"SpiritSoldier"	75	24000	0	1100	1300	950	0	440	130	3	0	1	3	400	2000	10	2	250	150	3	0	4	4	4	4
69	1	"Aquamos"	75	23000	0	1275	1450	975	0	385	125	3	17	5	5	400	1400	10	2	160	14	3	0	9	9	11	9
294	1	"LizardWarrior"	75	23000	0	1275	1450	975	0	700	125	3	0	1	5	400	1400	10	2	170	14	3	0	25	25	25	25
49	1	"Hydra"	74	38000	0	1250	1550	1000	0	430	125	3	150	4	7	400	1400	150	2	175	14	3	0	12	12	12	12
65	1	"Elite Orc"	74	28000	0	1300	1450	950	0	400	125	3	150	1	7	400	2000	100	2	180	14	3	0	8	8	8	8
305	1	"Blue Golem"	74	25000	0	1300	1450	975	0	2200	125	3	150	2	7	400	1400	30	2	160	14	3	0	9	7	9	9
111	1	"Spirit Knight"	74	24000	0	1100	1300	950	0	440	130	3	0	1	3	400	2000	10	2	200	100	3	0	2	2	2	2
194	1	"LordCenturion"	74	23400	0	1325	1550	1000	0	410	130	3	17	2	5	500	1500	10	2	100	0	3	0	18	18	18	18
183	1	"deathCenturion"	73	23200	0	1300	1550	990	0	406	129	3	17	6	7	500	1500	10	2	70	0	3	0	19	19	19	19
62	1	"Mutant"	72	20000	0	1250	1400	950	0	365	120	3	0	1	7	400	1400	10	2	170	30	3	0	8	8	8	8
193	1	"Aegis"	72	20000	0	1225	1450	950	0	390	125	3	17	1	7	500	1500	10	2	100	0	3	0	17	17	17	17
119	1	"King Orc"	70	24000	0	1050	1350	925	0	380	125	3	0	1	3	400	2000	10	2	300	200	3	0	5	5	5	5
64	1	"Orc Archer"	70	20000	0	1100	1250	850	0	350	115	3	0	4	7	400	1600	10	2	200	14	3	0	7	7	7	7
170	1	"ChaosCastleç5"	70	20000	0	1075	1200	850	0	370	120	50	0	1	7	400	2000	10	2	300	200	3	0	5	5	5	5
99	1	"Spirit Beast"	70	19000	0	1050	1200	900	0	400	115	3	17	5	7	400	1600	10	2	250	150	3	0	2	2	2	2
48	1	"Lizard King"	70	18000	0	1200	1350	900	0	350	115	3	3	3	7	400	1600	15	2	175	14	3	0	7	7	7	7
114	1	"Orc Archer"	69	19000	0	1000	1200	850	0	380	110	3	0	5	7	400	1600	10	2	300	200	3	0	4	4	4	4
95	1	"SpiritSourcerer"	69	16000	0	1000	1200	950	0	400	130	4	150	4	6	400	1800	10	2	150	50	4	0	4	4	4	4
187	1	"Necron"	68	16900	0	1150	1375	850	0	375	117	3	17	2	5	500	1500	10	2	80	0	3	0	18	18	18	18
52	1	"SilverValkyrie"	68	16000	0	1150	1300	850	0	340	110	3	7	4	7	400	1600	15	2	175	14	3	0	7	7	7	7
169	1	"Chaos Castle4"	68	16000	0	1025	1150	800	0	350	120	50	17	6	7	400	1600	10	2	300	200	3	0	4	4	4	4
306	1	"Death Rider"	68	16000	0	1160	1310	850	0	1600	110	3	150	2	7	400	1400	30	2	160	14	3	0	9	7	9	9
38	1	"Balrog"	66	9000	0	220	240	160	0	330	99	3	150	2	7	400	1600	150	2	160	14	3	0	10	10	10	15
98	1	"SpiritSoldier"	66	8000	0	190	220	150	0	360	98	3	0	1	3	400	2000	10	2	250	150	3	0	2	2	2	2
51	1	"Great Bahamut"	66	7000	0	210	230	150	0	330	98	3	0	2	7	400	1600	15	2	175	14	3	0	6	6	6	6
161	1	"IllusionKundun"	65	15000	0	200	400	150	0	300	100	3	150	10	7	800	1700	3600	2	100	0	4	0	30	30	30	30
180	1	"Schriker"	65	8450	0	205	230	145	0	335	100	3	17	6	7	500	1600	10	2	70	0	4	0	17	17	17	17
182	1	"Death Angel"	65	6750	0	205	240	145	0	350	107	3	17	6	7	500	1500	10	2	80	0	3	0	17	17	17	17
168	1	"ChaosCastleç4"	65	6500	0	185	210	145	0	320	110	50	0	1	7	400	2000	10	2	300	200	3	0	4	4	4	4
113	1	"King Orc"	64	7500	0	180	220	150	0	340	98	3	0	1	3	400	2000	10	2	300	200	3	0	4	4	4	4
94	1	"Spirit Knight"	64	7000	0	185	220	170	0	360	110	3	0	1	3	400	2000	10	2	200	100	3	0	1	1	1	1
307	1	"Forest Orc"	64	6500	0	230	250	150	0	1800	95	3	150	2	7	400	1400	30	2	160	14	3	0	9	7	9	9
35	1	"Death Gorgon"	64	6000	0	200	210	130	0	320	94	3	150	1	7	400	2000	10	2	180	14	3	0	6	6	6	8
308	1	"Death Tree"	62	9000	0	220	245	145	0	1400	90	3	150	2	7	400	1400	30	2	160	14	3	0	9	7	9	9
184	1	"BloodySoldier"	62	5730	0	190	215	130	0	330	99	3	17	6	7	500	1500	10	2	90	0	3	0	16	16	16	16
40	1	"Death Knight"	62	5500	0	190	200	120	0	310	91	3	0	1	7	400	1800	10	2	200	14	3	0	6	6	6	7
97	1	"Orc Archer"	61	6500	0	180	200	120	0	330	93	3	0	5	7	400	1600	10	2	300	200	3	0	2	2	2	2
93	1	"Spirit Beast"	60	6000	0	175	210	130	0	320	95	3	17	5	7	400	1600	10	2	250	150	3	0	1	1	1	1
37	1	"Devil"	60	5000	0	180	195	115	0	300	88	3	3	4	7	400	2000	10	2	200	14	3	0	5	5	5	7
167	1	"Chaos Castle3"	60	5000	0	155	180	120	0	290	90	50	17	6	7	400	1600	10	2	300	200	3	0	2	2	2	2
186	1	"LordCenturion"	59	5110	0	180	200	120	0	315	95	3	17	2	5	500	1500	10	2	100	0	3	0	15	15	15	15
175	1	"deathCenturion"	58	4900	0	180	200	117	0	310	91	3	17	6	7	500	1500	10	2	70	0	3	0	16	16	16	16
185	1	"Aegis"	57	4800	0	170	190	115	0	295	90	3	17	1	7	500	1500	10	2	100	0	3	0	14	14	14	14
41	1	"Death Cow"	57	4500	0	170	180	110	0	285	85	3	0	1	7	400	1600	10	2	200	14	3	0	5	5	5	7
92	1	"SpiritSoldier"	56	5000	0	160	190	115	0	300	88	3	0	1	3	400	2000	10	2	250	150	3	0	1	1	1	1
96	1	"King Orc"	56	5000	0	160	180	110	0	300	85	3	0	1	3	400	2000	10	2	300	200	3	0	2	2	2	2
18	1	"Gorgon"	55	6000	0	165	175	100	0	275	82	3	0	1	7	400	1600	150	2	160	14	3	0	6	6	6	6
34	1	"Cursed Wizard"	54	4000	0	160	170	95	0	270	80	3	3	4	7	400	2000	10	2	200	14	3	0	5	5	7	7
166	1	"ChaosCastleç3"	54	4000	0	140	165	105	0	270	80	50	0	1	7	400	2000	10	2	300	200	3	0	2	2	2	2
91	1	"Orc Archer"	53	4100	0	150	180	100	0	275	80	3	0	5	7	400	1600	10	2	300	200	3	0	1	1	1	1
179	1	"Necron"	53	3900	0	167	180	100	0	280	81	3	17	2	5	500	1500	10	2	80	0	3	0	15	15	15	15
25	1	"Ice Queen"	52	3000	0	155	165	90	0	260	76	3	11	4	7	400	1400	15	2	180	14	3	0	4	5	4	4
89	1	"SpiritSourcerer"	51	3700	0	150	180	115	0	300	88	4	150	4	6	400	1600	10	2	150	50	4	0	3	3	3	3
39	1	"Poison Shadow"	50	3500	0	155	160	85	0	250	73	3	1	1	5	400	1400	10	2	200	14	3	0	6	4	4	6
160	1	"Schriker"	50	3200	0	155	174	90	0	260	78	3	17	6	7	500	1600	10	2	70	0	4	0	14	14	14	14
174	1	"Death Angel"	50	3200	0	155	170	90	0	260	74	3	17	6	7	500	1500	10	2	80	0	3	0	14	14	14	14
90	1	"King Orc"	49	3500	0	140	170	90	0	250	76	3	0	1	3	400	2000	10	2	300	200	3	0	1	1	1	1
10	1	"Dark Knight"	48	3000	0	150	155	80	0	240	70	3	0	1	5	400	1400	10	2	200	14	3	0	3	3	3	5
36	1	"Shadow"	47	2800	0	148	153	78	0	235	67	3	0	1	5	400	1400	10	2	200	14	3	0	3	3	3	5
88	1	"Spirit Knight"	47	2800	0	140	160	95	0	270	77	3	0	1	3	400	2000	10	2	200	100	3	0	0	0	0	0
176	1	"BloodySoldier"	47	2700	0	145	160	81	0	245	67	3	17	6	7	500	1500	10	2	90	0	3	0	13	13	13	13
47	1	"Valkyrie"	46	3200	0	140	150	75	0	230	64	3	0	5	7	400	1800	8	2	185	14	3	0	6	2	2	2
8	1	"PoisonBullFighter"	46	2500	0	145	150	75	0	230	61	3	1	1	5	400	1400	10	2	190	14	3	0	6	2	2	2
46	1	"Vepar"	45	2800	0	135	145	70	0	225	58	3	17	4	7	400	1600	8	2	185	14	3	0	2	2	3	2
165	1	"Chaos Castle2"	45	2700	0	125	150	90	0	250	70	50	17	6	7	400	1600	10	2	300	200	3	0	1	1	1	1
178	1	"LordCenturion"	44	2350	0	140	155	75	0	230	60	3	17	2	5	500	1500	10	2	100	0	3	0	12	12	12	12
87	1	"Spirit Beast"	44	2100	0	130	150	85	0	250	73	3	17	5	7	400	1600	10	2	250	150	3	0	0	0	0	0
9	1	"Thunder Lich"	44	2000	0	140	145	70	0	220	55	3	3	4	7	400	2200	10	2	190	14	3	0	2	2	3	2
45	1	"Bahamut"	43	2400	0	130	140	65	0	215	52	2	0	1	4	400	1600	8	2	185	14	3	0	1	1	1	1
145	1	"deathCenturion"	43	2300	0	135	150	70	0	225	62	3	17	6	7	500	1500	10	2	70	0	3	0	13	13	13	13
177	1	"Aegis"	42	2050	0	135	150	68	0	220	54	3	17	1	7	500	1500	10	2	100	0	3	0	11	11	11	11
16	1	"EliteSkeleton"	42	1800	0	135	140	65	0	210	49	2	0	1	4	400	1600	10	2	190	14	4	0	1	1	1	1
86	1	"SpiritSoldier"	41	1700	0	120	140	75	0	230	61	3	0	1	3	400	2000	10	2	250	150	3	0	0	0	0	0
13	1	"Hell Spider"	40	1600	0	130	135	60	0	200	47	3	11	4	7	400	1600	10	2	190	14	6	0	3	1	1	1
164	1	"ChaosCastleç2"	40	1600	0	110	135	75	0	225	60	50	0	1	7	400	2000	10	2	300	200	3	0	1	1	1	1
149	1	"Necron"	38	1950	0	125	140	59	0	205	53	3	17	2	5	500	1500	10	2	80	0	3	0	12	12	12	12
5	1	"Hell Hound"	38	1400	0	125	130	55	0	190	45	3	0	1	4	400	1200	10	2	190	14	6	0	1	1	1	3
85	1	"Orc Archer"	37	1400	0	110	130	65	0	210	49	3	0	5	7	400	1600	10	2	300	200	3	0	0	0	0	0
20	1	"Elite Yeti"	36	1200	0	120	125	50	0	180	43	3	0	1	6	400	1400	10	2	180	14	6	0	1	4	1	1
144	1	"Death Angel"	34	1550	0	115	130	50	0	185	49	3	17	6	7	500	1500	10	2	80	0	3	0	11	11	11	11
15	1	"SkeletonArchery"	34	1100	0	115	120	45	0	170	41	2	0	5	7	400	2000	10	2	190	14	6	0	1	1	1	1
84	1	"King Orc"	33	1100	0	100	120	55	0	190	45	3	0	1	3	400	2000	10	2	300	200	3	0	0	0	0	0
146	1	"BloodSoldier"	32	1250	0	105	125	45	0	168	44	3	17	6	7	500	1500	10	2	90	0	3	0	10	10	10	10
11	1	"Ghost"	32	1000	0	110	115	40	0	160	39	3	0	1	5	400	1400	10	2	190	14	6	0	2	2	2	2
163	1	"Chaos Castle1"	32	800	0	80	100	40	0	180	30	50	17	6	7	400	1600	10	2	300	200	3	0	0	0	0	0
19	1	"Yeti"	30	900	0	105	110	37	0	150	37	2	17	4	6	400	2000	10	2	180	14	6	0	0	3	0	0
162	1	"ChaosCastleç1"	30	700	0	70	90	30	0	160	20	50	0	1	7	400	2000	10	2	300	200	3	0	0	0	0	0
148	1	"LordCenturion"	29	1100	0	100	120	41	0	155	41	3	17	2	5	500	1500	10	2	100	0	3	0	9	9	9	9
17	1	"Cyclops"	28	850	0	100	105	35	0	140	35	3	0	1	4	400	1600	10	2	170	14	6	0	2	0	0	0
147	1	"Aegis"	27	990	0	95	114	39	0	145	39	3	17	1	7	500	1500	10	2	100	0	3	0	8	8	8	8
21	1	"Assassin"	26	800	0	95	100	33	0	130	33	2	0	1	7	400	2000	10	2	180	14	6	0	0	0	0	0
12	1	"Larva"	25	750	0	90	95	31	0	125	31	3	1	1	4	400	1800	10	2	200	14	6	0	2	0	0	0
23	1	"Hommerd"	24	700	0	85	90	29	0	120	29	3	0	1	5	400	1600	10	2	170	14	6	0	0	3	0	0
22	1	"Ice Monster"	22	650	0	80	85	27	0	110	27	2	7	1	5	400	2000	10	2	170	14	6	0	0	3	0	0
24	1	"Worm"	20	600	0	75	80	25	0	100	25	3	0	1	4	400	1600	10	2	160	14	6	0	0	2	0	0
14	1	"Skeleton"	19	525	0	68	74	22	0	93	22	2	0	1	4	400	1400	10	2	160	12	6	0	0	0	0	0
32	1	"Stone Golem"	18	465	0	62	68	20	0	86	20	2	0	2	3	400	2200	10	2	160	12	6	0	0	0	0	0
7	1	"Giant"	17	400	0	57	62	18	0	80	18	2	0	2	3	400	2200	10	2	150	12	6	0	0	0	0	0
31	1	"Agon"	16	340	0	51	57	16	0	74	16	2	0	1	4	400	1400	10	2	150	12	6	0	0	0	0	0
30	1	"ForestMonster"	15	295	0	46	51	15	0	68	15	3	0	1	4	400	1600	10	2	150	12	6	0	0	0	0	0
6	1	"Lich"	14	255	0	41	46	14	0	62	14	3	2	4	7	400	2000	10	2	150	12	6	0	0	0	0	1
29	1	"Hunter"	13	220	0	36	41	13	0	56	13	3	0	4	4	400	1600	10	2	140	12	6	0	0	0	0	0
200	1	"SoccerBall"	12	1000	0	150	200	0	0	60	500	0	0	4	1	500	1000	3	1	200	10	0	0	0	0	0	0
4	1	"EliteBullFighter"	12	190	0	31	36	12	0	50	12	3	0	1	4	400	1400	10	2	140	12	6	0	0	0	0	0
28	1	"BeetleMonster"	10	165	0	26	31	10	0	44	10	3	0	1	5	400	1600	10	2	140	10	6	0	0	0	0	0
364	1	"Maya Head"	10	50	0	0	0	0	0	0	0	0	0	0	0	0	0	0	2	0	0	0	0	0	0	0	0
372	1	"SilverSkeleton"	10	10	0	10	10	10	10	10	10	0	0	0	0	0	0	0	0	0	0	0	0	0	0	0	0
373	1	"Helowwen"	10	10	0	10	10	10	10	10	10	0	0	0	0	0	0	0	0	0	0	0	0	0	0	0	0
374	1	"Santa Girl"	10	10	0	10	10	10	10	10	10	0	0	0	0	0	0	0	0	0	0	0	0	0	0	0	0
375	1	"ChaosCardMaster"	10	10	0	10	10	10	10	10	10	0	0	0	0	0	0	0	0	0	0	0	0	0	0	0	0
1	1	"Hound"	9	140	0	22	27	9	0	39	9	3	0	1	5	400	1600	10	2	130	10	6	0	0	0	0	0
33	1	"Elite Goblin"	8	120	0	19	23	8	0	33	8	3	0	1	5	400	1600	10	2	130	10	6	0	0	0	0	0
0	1	"Bull Fighter"	6	100	0	16	20	6	0	28	6	3	0	1	5	400	1600	10	2	130	10	6	0	0	0	0	0
27	1	"Scorpion"	5	80	0	13	17	4	0	23	4	3	0	1	4	400	1800	10	2	120	10	6	0	0	0	0	0
2	1	"Budge Dragon"	4	60	0	10	13	3	0	18	3	3	0	1	4	400	2000	10	2	120	10	6	0	0	0	0	0
26	1	"Goblin"	3	45	0	7	10	2	0	13	2	2	0	1	4	400	1800	10	2	120	10	6	0	0	0	0	0
155	1	"Gate Stone of %s "	2	900000	0	0	0	0	90000	90000	90000	90000	0	90000	90000	90000	90000	90000	90000	90000	0	0	0	9	9	9	9
157	1	"Gate Stone of %s "	2	70000	0	0	0	0	0	0	0	0	0	0	0	0	0	0	0	0	0	0	0	9	9	9	9
156	1	"Gate Stone of %s "	2	60000	0	0	0	0	0	0	0	0	0	0	0	0	0	0	0	0	0	0	0	9	9	9	9
154	1	"Gate Stone of %s "	2	40000	0	0	0	0	0	0	0	0	0	0	0	0	0	0	0	0	0	0	0	9	9	9	9
153	1	"Gate Stone of %s "	2	30000	0	0	0	0	0	0	0	0	0	0	0	0	0	0	0	0	0	0	0	9	9	9	9
152	1	"Gate Stone of %s "	2	8000	0	0	0	0	0	0	0	0	0	0	0	0	0	0	0	0	0	0	0	9	9	9	9
500	1	"Pirat loteri"	2	50	0	15	30	70	20	10	30	0	0	0	5	400	1500	10	0	200	10	0	0	0	0	0	0
104	1	"Trap"	2	50	0	500	600	0	0	800	30	0	50	0	1	0	1000	0	0	0	0	0	0	0	0	0	0
380	1	"Stone Henge"	2	50	0	15	30	70	20	10	30	0	0	0	5	400	1500	10	0	200	10	0	0	0	0	0	0
3	1	"Spider"	2	30	0	4	7	1	0	8	1	2	0	1	5	400	1800	10	2	120	10	6	0	0	0	0	0
158	1	"Gate Stone of %s "	1	8000	0	80	80	50	0	50	50	1	150	2	7	400	1500	150	2	120	14	4	0	9	9	9	9
132	1	"Gate2"	0	3000	0	0	0	0	0	0	0	0	0	0	0	0	0	0	0	0	0	0	0	100	100	100	100
133	1	"Gate3"	0	3000	0	0	0	0	0	0	0	0	0	0	0	0	0	0	0	0	0	0	0	100	100	100	100
134	1	"Gate4"	0	3000	0	0	0	0	0	0	0	0	0	0	0	0	0	0	0	0	0	0	0	100	100	100	100
131	1	"Gate1"	0	2000	0	0	0	0	0	0	0	0	0	0	0	0	0	0	0	0	0	0	0	100	100	100	100
380	1	"Stone Henge"	2	50	0	15	30	70	20	10	30	0	0	0	5	400	1500	10	0	200	10	0	0	0	0	0	0
381	1	"Mu Alliance Forces General"	2	50	0	15	30	70	20	10	30	0	0	0	5	400	1500	10	0	200	10	0	0	0	0	0	0
382	1	"Illusion Association Elder"	2	50	0	15	30	70	20	10	30	0	0	0	5	400	1500	10	0	200	10	0	0	0	0	0	0
383	1	"Alli Forces Temple Storage"	2	50	0	15	30	70	20	10	30	0	0	0	5	400	1500	10	0	200	10	0	0	0	0	0	0
384	1	"Illusion Association Temple"	2	50	0	15	30	70	20	10	30	0	0	0	5	400	1500	10	0	200	10	0	0	0	0	0	0
385	1	"Mirage the Mummy"	2	50	0	15	30	70	20	10	30	0	0	0	5	400	1500	10	0	200	10	0	0	0	0	0	0
386	1	"Spector of Illusion"	33	1250	0	110	117	50	0	145	39	3	17	6	7	500	1500	10	2	160	0	3	0	13	13	13	13
387	1	"Spector of Illusion"	40	1800	0	130	137	66	0	180	50	3	17	6	7	500	1600	10	2	160	0	4	0	14	14	14	14
388	1	"Spector of Illusion"	52	3000	0	165	172	90	0	255	70	3	150	10	7	800	1700	10800	2	140	0	4	0	30	30	30	30
389	1	"Spector of Illusion"	48	3000	0	155	162	81	0	235	58	3	17	6	7	500	1500	10	2	160	0	3	0	16	16	16	16
390	1	"Spector of Illusion"	53	3900	0	180	187	100	0	275	67	3	17	6	7	500	1600	10	2	160	0	4	0	17	17	17	17
391	1	"Spector of Illusion"	65	6000	0	220	227	140	0	355	100	3	150	10	7	800	1700	10800	2	140	0	4	0	35	35	35	35
392	1	"Spector of Illusion"	63	6600	0	225	235	150	0	325	92	3	17	6	7	500	1500	10	2	150	0	3	0	19	19	19	19
393	1	"Spector of Illusion"	69	16800	0	1300	1350	900	0	365	110	3	17	6	7	500	1600	10	2	150	0	4	0	20	20	20	20
394	1	"Spector of Illusion"	81	56000	0	2450	2520	1785	0	460	160	3	150	10	7	800	1700	10800	2	130	0	4	0	40	40	40	40
395	1	"Spector of Illusion"	83	90000	0	2450	2625	1785	0	500	175	3	17	6	7	500	1500	10	2	140	0	3	0	22	22	22	22
396	1	"Spector of Illusion"	88	120000	0	2870	3045	2100	0	575	215	3	17	6	7	500	1600	10	2	140	0	4	0	23	23	23	23
397	1	"Spector of Illusion"	100	200000	0	4200	4375	3500	0	780	295	3	150	10	7	800	1700	10800	2	120	0	4	0	45	45	45	45
398	1	"Spector of Illusion"	98	192000	0	3822	4067	3010	0	715	250	3	17	6	7	500	1500	10	2	135	0	3	0	25	25	25	25
399	1	"Spector of Illusion"	105	240000	0	4480	4725	3605	0	810	290	3	17	6	7	500	1600	10	2	135	0	4	0	26	26	26	26
400	1	"Spector of Illusion"	117	400000	0	5845	6090	4760	0	1000	360	3	150	10	7	800	1700	10800	2	110	0	4	0	50	50	50	50
401	1	"Spector of Illusion"	114	350000	0	5271	5516	4340	0	900	335	3	17	6	7	500	1500	10	2	130	0	3	0	28	28	28	28
402	1	"Spector of Illusion"	119	420000	0	5950	6195	4970	0	1000	370	3	17	6	7	500	1600	10	2	130	0	4	0	29	29	29	29
403	1	"Spector of Illusion"	140	1400000	0	10700	11050	8920	0	1200	450	3	150	10	7	800	1700	10800	2	100	0	4	0	60	60	60	60
404	1	"Mu Alliance Forces"	2	50	0	15	30	70	20	10	30	0	0	0	5	400	1500	10	0	200	10	0	0	0	0	0	0
405	1	"Illusion Association"	2	50	0	15	30	70	20	10	30	0	0	0	5	400	1500	10	0	200	10	0	0	0	0	0	0
406	1	"Priest Devin"	2	50	0	15	30	70	20	10	30	0	0	0	5	400	1500	10	0	200	10	0	0	0	0	0	0
407	1	"Werewolf Quarrel"	2	50	0	15	30	70	20	10	30	0	0	0	5	400	1500	10	0	200	10	0	0	0	0	0	0
408	1	"GateKeeper"	2	50	0	15	30	70	20	10	30	0	0	0	5	400	1500	10	0	200	10	0	0	0	0	0	0
409	1	"Balram (Trainee)"	134	900000	0	6000	7000	5000	0	1500	370	6	0	7	7	700	1700	10	2	150	14	3	0	92	92	92	92
410	1	"DeathSpirit(Trainee)"	134	950000	0	6000	7000	5000	0	1500	397	6	0	6	7	700	1700	10	2	150	14	3	0	100	100	100	100
411	1	"Soram (Trainee)"	134	1000000	0	6000	7000	5000	0	1500	397	6	0	4	7	700	1700	10	2	150	14	3	0	100	100	100	100
412	1	"Dark Elf (Hero)"	135	10000000	0	8000	9000	9000	0	1500	370	6	0	6	10	700	1700	10	2	150	14	3	0	92	92	92	92
	
end

